chr	start	end	depth
CHR_HSCHR14_3_CTG1	321918	322575	
CHR_HSCHR14_3_CTG1	322615	323072	
CHR_HSCHR14_3_CTG1	323178	324056	
CHR_HSCHR5_1_CTG1_1	274880	275174	
CHR_HSCHR5_1_CTG1_1	288687	288898	
CHR_HSCHR5_1_CTG1_1	291237	291496	
CHR_HSCHR5_1_CTG1_1	292206	292546	
CHR_HSCHR5_1_CTG1_1	292566	292858	
CHR_HSCHR5_1_CTG1_1	294297	294741	
CHR_HSCHR5_1_CTG1_1	295912	296264	
CHR_HSCHR5_1_CTG1_1	296552	296800	
CHR_HSCHR5_1_CTG1_1	301791	303006	
CHR_HSCHR5_1_CTG1_1	303032	303917	
CHR_HSCHR5_1_CTG1_1	473420	473688	
CHR_HSCHR5_1_CTG1_1	487201	487412	
CHR_HSCHR5_1_CTG1_1	489751	490010	
CHR_HSCHR5_1_CTG1_1	490720	491060	
CHR_HSCHR5_1_CTG1_1	491080	491372	
CHR_HSCHR5_1_CTG1_1	492811	493261	
CHR_HSCHR5_1_CTG1_1	494428	494678	
CHR_HSCHR5_1_CTG1_1	495068	495258	
CHR_HSCHR5_1_CTG1_1	500302	500627	
CHR_HSCHR5_1_CTG1_1	500800	501516	
CHR_HSCHR5_1_CTG1_1	1117192	1117598	
CHR_HSCHR5_1_CTG1_1	1122775	1123036	
CHR_HSCHR5_1_CTG1_1	1126174	1126408	
CHR_HSCHR5_1_CTG1_1	1129563	1129804	
CHR_HSCHR5_1_CTG1_1	1132410	1133109	
CHR_HSCHR5_1_CTG1_1	1134260	1134512	
CHR_HSCHR5_2_CTG1_1	456778	457678	
CHR_HSCHR5_2_CTG1_1	457704	458919	
CHR_HSCHR5_2_CTG1_1	463905	464153	
CHR_HSCHR5_2_CTG1_1	464445	464793	
CHR_HSCHR5_2_CTG1_1	465964	466408	
CHR_HSCHR5_2_CTG1_1	467847	468139	
CHR_HSCHR5_2_CTG1_1	468159	468499	
CHR_HSCHR5_2_CTG1_1	469209	469468	
CHR_HSCHR5_2_CTG1_1	471807	472018	
CHR_HSCHR5_2_CTG1_1	485532	485800	
CHR_HSCHR5_2_CTG1_1	1585711	1586108	
CHR_HSCHR5_2_CTG1_1	1591285	1591546	
CHR_HSCHR5_2_CTG1_1	1594684	1594918	
CHR_HSCHR5_2_CTG1_1	1598073	1598314	
CHR_HSCHR5_2_CTG1_1	1600920	1601619	
CHR_HSCHR5_2_CTG1_1	1602770	1603022	
CHR_HSCHR6_MHC_COX_CTG1	3476549	3478226	
CHR_HSCHR6_MHC_COX_CTG1	3478256	3478596	
CHR_HSCHR6_MHC_COX_CTG1	3478657	3480061	
CHR_HSCHR6_MHC_DBB_CTG1	3253340	3254943	
CHR_HSCHR6_MHC_DBB_CTG1	3254973	3255314	
CHR_HSCHR6_MHC_DBB_CTG1	3255375	3256295	
CHR_HSCHR6_MHC_DBB_CTG1	3279635	3281312	
CHR_HSCHR6_MHC_DBB_CTG1	3281342	3281682	
CHR_HSCHR6_MHC_DBB_CTG1	3281743	3283147	
CHR_HSCHR6_MHC_MCF_CTG1	3350099	3350556	
CHR_HSCHR6_MHC_MCF_CTG1	3380264	3381937	
CHR_HSCHR6_MHC_MCF_CTG1	3381967	3382307	
CHR_HSCHR6_MHC_MCF_CTG1	3382368	3383772	
CHR_HSCHR6_MHC_QBL_CTG1	3116136	3116281	
CHR_HSCHR6_MHC_QBL_CTG1	3261462	3263139	
CHR_HSCHR6_MHC_QBL_CTG1	3263169	3263509	
CHR_HSCHR6_MHC_QBL_CTG1	3263570	3264974	
CHR_HSCHR6_MHC_SSTO_CTG1	3306754	3308357	
CHR_HSCHR6_MHC_SSTO_CTG1	3308387	3308728	
CHR_HSCHR6_MHC_SSTO_CTG1	3308789	3309708	
CHR_HSCHR6_MHC_SSTO_CTG1	3339417	3341091	
CHR_HSCHR6_MHC_SSTO_CTG1	3341121	3341461	
CHR_HSCHR6_MHC_SSTO_CTG1	3341522	3342926	
chr1	9688106	9688383	65.80550541516246
chr1	9691397	9691641	67.24200819672132
chr1	9710128	9710350	75.52150900900901
chr1	9710354	9710666	65.70344551282051
chr1	9715471	9716233	73.68100393700787
chr1	9716889	9717178	73.32949826989619
chr1	9718624	9718985	75.55734072022162
chr1	9719851	9720312	74.4209327548807
chr1	9721055	9721318	75.58526615969582
chr1	9721691	9722223	75.18139097744361
chr1	9722458	9722676	74.86077981651377
chr1	9723899	9724162	74.387927756654
chr1	9724206	9724491	75.84359649122807
chr1	9724734	9725006	66.76792279411765
chr1	9726839	9729184	41.26311300639659
chr1	11785653	11790968	71.41284101599248
chr1	11791137	11791396	75.20453667953669
chr1	11792208	11792449	72.67717842323651
chr1	11793837	11794159	75.6514751552795
chr1	11794288	11794608	74.647109375
chr1	11794659	11795418	56.98402503293808
chr1	11802811	11804602	66.39660804020102
chr1	11804929	11806006	52.339182915506036
chr1	23795529	23796077	59.256386861313864
chr1	23799296	23800874	43.423859315589354
chr1	23801815	23802634	73.5501221001221
chr1	23803518	23804595	53.08344939647168
chr1	23809217	23810869	40.98406476997579
chr1	23813762	23814408	59.51784055727554
chr1	23816296	23816840	60.140349264705875
chr1	23820440	23820663	66.33206278026907
chr1	23825286	23825529	67.86553497942387
chr1	23837994	23838690	57.99809626436782
chr1	32274667	32275325	60.144870820668686
chr1	32285444	32286235	57.461757269279396
chr1	33007870	33010903	67.83337454665347
chr1	33011378	33011780	78.08009950248757
chr1	33012974	33013472	75.86009036144578
chr1	33014295	33014664	63.73956639566395
chr1	33019613	33020231	76.74421521035599
chr1	33021523	33021773	65.327
chr1	33031474	33031731	67.33122568093385
chr1	33036666	33037062	64.297601010101
chr1	33080129	33080381	75.93819444444445
chr1	33080851	33081066	66.83290697674418
chr1	45507286	45507620	64.12836826347305
chr1	45508726	45513452	58.37650232754972
chr1	53196359	53197165	58.531327543424325
chr1	53199707	53204385	57.79692710560069
chr1	53207405	53211615	56.11625890736342
chr1	75724277	75724887	59.61610655737705
chr1	75728319	75728558	65.75648535564854
chr1	75732783	75733611	57.62892512077294
chr1	75745407	75745984	60.430589254766026
chr1	75749349	75749629	74.81348214285714
chr1	75750700	75750961	63.706321839080466
chr1	75769107	75769312	64.4780487804878
chr1	89524766	89525092	66.4911809815951
chr1	89526892	89527056	65.63871951219512
chr1	89568171	89568377	66.95898058252428
chr1	89579521	89579758	65.45727848101265
chr1	89592701	89597934	60.37638066118861
chr1	89712639	89719603	63.77776062607696
chr1	89758787	89759010	66.17174887892376
chr1	89761933	89764588	45.318888888888885
chr1	89768148	89769973	38.71624657534247
chr1	89843353	89843852	60.41497995991985
chr1	89846510	89846728	65.36433486238532
chr1	89932997	89936681	53.05705076004343
chr1	100186849	100196492	66.40937467593072
chr1	100210473	100211194	55.499237170596395
chr1	100214747	100215053	66.17140522875818
chr1	100230663	100230984	64.33068535825545
chr1	112917108	112918114	53.229796222664014
chr1	112921920	112922462	61.320894833948344
chr1	112955206	112956133	75.30180690399138
chr1	112956769	112957083	65.25111464968153
chr1	119755357	119755667	75.05459677419354
chr1	119757203	119757508	67.44434426229508
chr1	167430570	167431816	48.68731942215088
chr1	167433950	167435504	42.82630308880309
chr1	167439274	167439710	77.30825688073395
chr1	167439803	167440837	53.603264023210826
chr1	167518338	167518680	65.51608187134504
chr1	198693948	198695241	47.776527455529774
chr1	198706664	198707022	65.2034217877095
chr1	198729067	198729241	66.71867816091954
chr1	198731547	198731796	66.17560240963856
chr1	198752179	198752842	59.445625942684764
chr1	236810433	236810665	65.4375
chr1	236812668	236812914	64.53394308943089
chr1	236824049	236824289	66.05010416666667
chr1	236829119	236829338	64.59760273972603
chr1	236831896	236832148	66.09811507936509
chr1	236859763	236859992	76.57532751091703
chr1	236861055	236861347	65.1853595890411
chr1	236863384	236863624	64.83250000000001
chr1	236874656	236874916	66.39798076923077
chr1	236897488	236904051	63.17212021941185
chr10	14907809	14909400	53.59022627278441
chr10	14911120	14911392	84.67233455882352
chr10	14936468	14936663	83.38974358974359
chr10	14945365	14945635	81.95574074074074
chr10	14953832	14954502	74.25970149253732
chr10	70882210	70882555	79.95376811594204
chr10	70887783	70888324	96.14149722735675
chr10	70888461	70888854	79.94796437659033
chr10	71818961	71819341	96.02848684210525
chr10	71819644	71819970	83.7670245398773
chr10	71823818	71823966	96.3268581081081
chr10	71825767	71825963	84.75038265306122
chr10	71834302	71834575	84.69954212454212
chr10	71851112	71851445	81.375
chr10	74176419	74176956	77.85214152700186
chr10	74200694	74200908	85.86343457943926
chr10	74314597	74314815	82.6795871559633
chr10	74394071	74394383	80.3150641025641
chr10	74670113	74670339	83.75243362831858
chr10	96196838	96197133	81.41838983050847
chr10	96199896	96200228	82.12176204819278
chr10	96204462	96204924	79.72748917748918
chr10	96215251	96215459	85.55997596153847
chr10	96223756	96224059	80.77409240924092
chr10	96230724	96230904	86.80125000000001
chr10	102833405	102835084	51.35369267421085
chr10	102836995	102837603	76.8546875
chr10	123008909	123009141	84.00053879310346
chr10	123037677	123037917	85.146875
chr11	3867978	3868344	66.53073770491804
chr11	3903393	3903679	67.07211538461539
chr11	3999532	3999757	68.00766666666667
chr11	4023803	4024057	67.66702755905513
chr11	4059211	4059473	68.74522900763358
chr11	4069956	4070273	66.95875394321766
chr11	4074432	4074749	69.15425867507886
chr11	4083193	4083724	64.24336158192091
chr11	5226193	5226893	60.52282142857143
chr11	36510639	36511108	64.72473347547974
chr11	36520062	36520299	68.60833333333333
chr11	36535889	36536104	70.34313953488372
chr11	36563315	36563568	70.2354743083004
chr11	36566377	36566621	77.35553278688525
chr11	36567286	36567499	76.77605633802817
chr11	36567955	36568192	66.41350210970464
chr11	36573221	36579826	64.59492051476154
chr11	36575504	36576041	78.10228119180633
chr11	36591873	36594265	43.29002926421405
chr11	68754819	68757800	50.87623280778262
chr11	68762557	68762831	66.0206204379562
chr11	68793245	68793472	76.6783039647577
chr11	68794734	68794981	67.1821862348178
chr11	68796786	68797003	68.80921658986175
chr11	68815264	68815573	67.07087378640776
chr11	68844075	68844480	65.79092592592592
chr11	108127816	108128049	69.84613733905579
chr11	108131837	108132024	77.79251336898395
chr11	108133750	108134007	78.40321011673151
chr11	108134151	108134518	78.4050408719346
chr11	108135072	108135312	76.03791666666667
chr11	108136000	108137009	55.529162537165504
chr11	108141535	108141770	77.85648936170213
chr11	108142367	108144291	46.25469074844075
chr11	108146051	108146429	77.24748677248678
chr11	108147200	108147846	61.65599845201238
chr11	108223033	108227958	61.07603045685279
chr11	108229108	108230982	68.00028014941302
chr11	108231418	108231664	69.37733739837398
chr11	108235600	108236604	58.04322709163347
chr11	108244718	108245096	67.60522486772487
chr11	108246894	108247197	77.63721122112212
chr11	108248863	108249172	65.86003236245955
chr11	108256145	108256410	78.66367924528302
chr11	108257411	108257676	67.76518867924528
chr11	108267101	108267412	67.15699356913183
chr11	108282640	108282949	67.85339805825242
chr11	108287108	108287785	79.64737813884786
chr11	108288907	108289173	76.67086466165414
chr11	108289532	108290737	54.47002074688796
chr11	108292549	108292863	76.16019108280254
chr11	108293243	108293547	67.81027960526316
chr11	108294857	108296066	76.4958229942101
chr11	108296904	108297452	65.34808394160584
chr11	108299410	108299955	63.84307339449541
chr11	108312341	108312568	68.64845814977973
chr11	108315753	108316183	78.03511627906977
chr11	108317303	108317591	69.44401041666666
chr11	108319884	108320128	78.15102459016393
chr11	108321231	108321490	66.48098455598456
chr11	108325240	108325614	78.45314171122995
chr11	108325988	108326295	67.04267100977198
chr11	108328951	108329377	65.70962441314553
chr11	108331374	108331627	77.47915019762846
chr11	108331809	108332107	68.55855704697987
chr11	108334899	108335179	77.66803571428571
chr11	108335775	108336478	61.41426031294452
chr11	108365255	108369172	56.6567398519275
chr11	112228524	112229574	76.48159523809524
chr11	112230196	112230752	62.75813848920863
chr11	118304475	118304846	68.0311320754717
chr11	118339705	118339976	70.37555350553507
chr11	118348957	118350268	50.88398169336384
chr11	118353049	118355231	41.366532997250225
chr12	102836815	102839288	50.73772745653053
chr12	102840330	102840585	77.22078431372549
chr12	102885975	102886312	75.50289317507419
chr12	109553667	109557206	62.17847555806725
chr12	109560970	109561587	88.55733387358184
chr12	109561614	109561922	76.53084415584416
chr12	109569902	109570164	78.29942748091602
chr12	109573277	109573944	70.0284107946027
chr12	120725665	120726001	76.3734375
chr12	120736916	120737875	88.50912408759123
chr12	120738750	120738985	87.61659574468085
chr12	120739070	120740078	63.86453373015873
chr12	121839862	121840118	77.04921875
chr12	121843640	121843902	78.65295801526717
chr12	121846792	121847003	77.58317535545024
chr12	121849617	121850008	77.07589514066497
chr12	121856513	121856695	79.40247252747253
chr12	121858855	121859261	73.5198275862069
chr12	121863462	121863666	76.98063725490195
chr13	100149131	100149775	70.07208850931677
chr13	100157217	100157410	75.86502590673575
chr13	100160603	100161695	59.671749084249086
chr13	100235772	100235948	83.95426136363636
chr13	100236411	100237567	59.72112889273357
chr13	100307122	100307330	75.54026442307693
chr13	100489898	100491887	41.772134238310706
chr13	100530028	100530507	69.54796450939457
chr13	108207369	108211366	63.11277207905929
chr14	20472238	20473270	75.46073158914729
chr14	20473314	20475322	47.39854332669323
chr14	20476314	20477164	57.23238235294118
chr14	74476122	74476662	61.45703703703704
chr14	74484341	74484657	65.51012658227849
chr14	74493123	74493678	63.35108108108108
chr14	99169217	99176265	65.01473822360954
chr14	99231275	99231627	66.1015625
chr14	99271091	99271594	65.3606361829026
chr15	40407566	40407882	74.23599683544305
chr15	40414336	40415052	86.6370810055866
chr15	40415076	40415552	84.93975840336135
chr15	40416008	40416432	71.94369103773585
chr15	40418060	40421369	58.14426563916591
chr15	40424065	40424543	70.46433054393306
chr15	40435347	40436017	68.13149253731343
chr15	45361054	45362291	57.12861762328214
chr15	45363561	45364086	84.14328571428572
chr15	45364254	45364930	86.44323224852072
chr15	45365976	45366280	82.62713815789473
chr15	45366301	45366578	83.83032490974729
chr15	45368000	45368330	86.6984090909091
chr15	45369256	45369777	70.09808061420345
chr15	45373166	45373401	73.495
chr15	45376531	45378863	46.31186749571184
chr15	45396852	45397416	71.04547872340426
chr15	45399476	45399665	74.3058201058201
chr15	74344974	74345360	72.43743523316063
chr15	74347830	74348314	71.77432851239669
chr15	74350096	74350324	75.67434210526315
chr15	74359453	74359673	75.18511363636364
chr15	74361305	74361853	70.15533759124088
chr15	74365646	74366276	84.88519841269841
chr15	74367247	74367810	68.7145648312611
chr15	76227643	76228319	67.07252218934912
chr15	76292361	76292692	74.35294561933534
chr15	76309862	76310134	86.37233455882352
chr15	76311280	76311542	77.46536259541985
chr15	80152420	80152615	75.14474358974358
chr15	80155881	80158240	46.852373887240354
chr15	80162176	80163777	48.83864772017489
chr15	80167033	80167312	73.47249103942652
chr15	80186060	80187016	61.960224895397495
chr15	82130160	82130631	71.28837579617834
chr15	82151395	82152493	59.50867486338798
chr15	82163783	82164054	75.56798892988931
chr15	82220008	82220299	73.13256013745703
chr15	82225095	82225334	76.45251046025105
chr15	82240348	82240625	85.72635379061373
chr15	82241200	82241473	76.61419413919414
chr15	82252621	82252845	74.7642857142857
chr16	28987496	28989659	31.512829403606105
chr16	30182757	30183203	63.42040358744394
chr16	30183352	30184031	64.23921207658321
chr16	30184148	30184413	63.001132075471695
chr16	30184678	30185034	62.58405898876405
chr16	30185139	30187293	62.68491179201486
chr16	30187312	30189145	39.127536824877254
chr16	31107737	31108215	63.349006276150625
chr16	31108224	31108836	64.65923202614378
chr16	31108864	31109649	62.83375796178344
chr16	31110331	31111289	63.09024008350731
chr16	31111799	31112861	46.17671845574388
chr16	67646116	67646587	63.78508492569002
chr16	67646644	67646854	55.779404761904765
chr16	67647776	67652409	59.846848694150665
chr16	67652895	67653324	62.989160839160846
chr16	67654079	67654319	52.81458333333334
chr16	67655961	67656715	65.00875331564987
chr16	67656731	67657386	51.74820610687023
chr16	71565590	71568879	42.60012921860748
chr16	71575008	71576497	58.36576561450638
chr16	71576939	71577200	56.22174329501915
chr17	7217055	7217243	77.04561170212766
chr17	7217646	7217888	67.08295454545456
chr17	7219736	7220746	55.588737623762384
chr17	7222570	7223307	77.1526119402985
chr17	7223352	7225306	47.62062436028659
chr17	28394686	28399783	60.78306847165
chr17	28404170	28404838	61.68847305389221
chr17	28506173	28506513	64.4352205882353
chr17	28529024	28529294	64.75435185185185
chr17	28534261	28534608	67.25979827089337
chr17	28547929	28548243	77.02117834394905
chr17	28548522	28551872	58.44090298507463
chr17	42202033	42202517	76.90712809917355
chr17	42202687	42203023	63.98712797619048
chr17	42207488	42207798	67.0158870967742
chr17	42210101	42210662	62.80294117647058
chr17	42217090	42218400	75.10595419847328
chr17	42218653	42218948	65.64101694915254
chr17	42223312	42223626	79.30079617834394
chr17	42224709	42224938	68.8707423580786
chr17	44004476	44005159	76.73286969253294
chr17	44005954	44006307	78.0185552407932
chr17	44007497	44007843	66.68807803468208
chr17	63930004	63930584	61.05215517241379
chr17	75758140	75758588	62.31506696428571
chr17	80101634	80102803	52.17621899059024
chr17	80105679	80105964	65.8590350877193
chr17	80107730	80107966	78.16832627118643
chr17	80108220	80108898	61.06865781710915
chr17	80116756	80117179	76.56117021276596
chr17	80117530	80117819	75.89826989619377
chr17	80118123	80118427	75.74399671052632
chr17	80118583	80118875	76.9708904109589
chr17	80119202	80119949	60.27225568942437
chr18	13881974	13885716	61.407549438802775
chr18	23506114	23506712	67.72918060200669
chr18	23522245	23522976	65.631292749658
chr18	23528137	23529797	48.24884036144578
chr18	23533285	23534629	53.65290178571429
chr18	23538472	23538995	86.2802103250478
chr18	23539285	23540071	65.96269083969466
chr18	23554688	23555055	84.7891689373297
chr18	23556173	23556734	68.80089126559714
chr18	23561290	23561597	76.47874592833877
chr18	23573382	23573644	77.68530534351144
chr18	23576411	23577017	68.9911303630363
chr18	23586217	23586968	65.58518641810919
chr19	1397741	1399096	51.16420664206642
chr19	1609220	1611919	48.953316042978884
chr19	7888435	7888670	70.48021276595745
chr19	7898591	7902091	55.66414999999999
chr19	12890956	12892044	78.87132352941177
chr19	12892046	12892504	66.39284934497816
chr19	12898056	12898453	66.17254408060452
chr19	17824710	17826980	43.3368281938326
chr19	17834501	17834791	69.22120689655172
chr19	17839354	17839733	68.46879947229552
chr19	17841570	17841832	79.35801526717557
chr19	17842246	17843242	56.37520080321285
chr19	17847876	17848141	69.35575471698112
chr19	41397390	41398005	62.66219512195122
chr19	41410567	41411079	64.82177734375
chr19	41418655	41418887	79.93006465517242
chr19	41418953	41419366	68.63946731234867
chr19	41422094	41422440	82.27080924855491
chr19	41422559	41422840	80.79261565836299
chr19	41422853	41423239	81.51735751295337
chr19	41424368	41425075	64.01966053748232
chr19	41877050	41877453	70.23424317617867
chr19	41878920	41879723	78.91226650062266
chr19	41880600	41881442	60.84008313539192
chr19	51345099	51345451	80.30497159090909
chr19	51345618	51348600	60.57956908115359
chr19	51350117	51350461	69.73764534883722
chr19	51354080	51357176	53.73041828165375
chr2	26190585	26191698	80.63061545372867
chr2	26192240	26192494	81.04488188976379
chr2	26193507	26193842	69.9965671641791
chr2	26197621	26197847	78.37157079646018
chr2	26199173	26199436	73.31254752851711
chr2	26209710	26209959	79.1550200803213
chr2	26210475	26210884	81.28484107579462
chr2	26211867	26212696	62.76311821471653
chr2	26214373	26214646	72.53956043956045
chr2	26236785	26237058	70.99349816849818
chr2	26244455	26244796	81.08328445747802
chr2	26244909	26245511	66.28222591362126
chr2	26254360	26255026	63.95296546546547
chr2	26260468	26261663	53.99652719665272
chr2	26277003	26277230	72.46189427312775
chr2	26279065	26279385	70.48421875
chr2	26289848	26290538	63.77268115942029
chr2	46916087	46916647	65.10366071428572
chr2	46950293	46950596	69.50701320132013
chr2	46994161	46994584	65.94190307328606
chr2	47046245	47046501	79.03310546875
chr2	47047196	47047407	70.80947867298578
chr2	86801441	86801727	70.37045454545455
chr2	97713490	97713744	82.5744094488189
chr2	97713846	97714064	73.70516055045871
chr2	97723946	97724754	80.26964727722773
chr2	97724785	97724963	78.34213483146067
chr2	97725022	97725322	67.89891666666666
chr2	97732632	97733091	79.22042483660131
chr2	97733227	97735526	53.27923010004349
chr2	97737403	97738647	78.38110932475885
chr2	97739305	97739932	64.27001594896332
chr2	149579361	149579718	69.40693277310925
chr2	210612047	210612363	69.37816455696203
chr2	210616353	210616611	71.74486434108528
chr2	210656455	210656702	80.88016194331985
chr2	210657290	210657725	68.80741379310345
chr2	210660415	210660725	67.79112903225806
chr2	210663053	210663267	71.79053738317756
chr2	210671545	210675031	56.91684595524957
chr2	210676937	210677206	79.88048327137547
chr2	210677817	210679177	54.71036764705882
chr2	216432648	216432938	69.74103448275862
chr2	216435268	216435566	69.74354026845637
chr2	216482668	216483123	67.62153846153846
chr2	219075247	219076525	77.36478873239437
chr2	219077176	219077434	81.35833333333333
chr2	219078004	219078276	72.52674632352941
chr2	219158116	219158432	78.8873417721519
chr2	219158750	219159401	66.54861751152075
chr20	760010	761894	43.628927813163486
chr20	765138	766404	54.94403633491311
chr20	768227	768703	68.61769957983194
chr20	775885	776085	73.69
chr20	21708200	21708770	70.7303947368421
chr20	21714401	21718556	62.614187725631766
chr20	32779782	32780215	70.95017321016167
chr20	32784688	32784929	73.78651452282158
chr20	32788784	32789082	71.71929530201342
chr20	32791531	32791778	83.45688259109312
chr20	32793466	32793665	84.43517587939698
chr20	32795339	32795764	69.57205882352942
chr20	32798390	32798713	72.24156346749226
chr20	32801208	32801496	83.23506944444445
chr20	32802315	32802540	74.3
chr20	32805268	32805477	74.18732057416267
chr20	32807692	32809426	46.408636101499425
chr20	34280198	34281235	59.45366441658631
chr20	34290262	34290708	85.70190582959641
chr20	34291349	34291601	74.48323412698413
chr20	34293396	34294226	64.04915662650602
chr20	34311402	34311872	70.22920212765958
chr20	44619452	44619917	83.2397311827957
chr20	44620229	44621217	61.089498987854256
chr20	44622759	44623148	71.43071979434447
chr20	44636001	44636358	70.58732492997198
chr21	36750818	36754487	59.150947124557106
chr21	36966374	36966709	72.48022388059702
chr21	43060371	43060616	11.216734693877552
chr21	43062883	43063318	8.351724137931035
chr21	43063830	43064297	22.905995717344755
chr21	43073196	43073578	0.0
chr21	43075037	43075839	0.0
chr22	19756633	19756815	68.51744505494506
chr22	19759488	19759747	70.91660231660231
chr22	19764888	19765183	81.13381355932204
chr22	19765832	19767404	50.015378498727735
chr22	37232334	37232988	63.65485474006116
chr22	50625866	50626348	80.40223029045643
chr22	50626521	50627476	78.69547120418848
chr22	50627486	50628243	61.52602377807134
chr3	15601271	15602380	58.95241208295762
chr3	15606371	15606981	69.35963114754098
chr3	15631357	15631565	76.87704326923077
chr3	15635354	15635758	72.08360148514852
chr3	15644246	15647710	59.81154734411085
chr3	48859022	48859271	84.57941767068273
chr3	48859485	48859697	75.47759433962264
chr3	48862472	48862729	76.53832684824903
chr3	48879288	48879518	76.60847826086956
chr3	48891910	48892142	76.03480603448276
chr3	48898620	48899063	71.00451467268623
chr3	128481749	128482148	84.73020050125314
chr3	128483790	128484075	73.45166666666667
chr3	128485657	128486438	67.32877720870678
chr3	128491934	128492292	84.05635474860335
chr3	128492829	128493255	72.73538732394367
chr3	136250236	136250628	72.16983418367347
chr3	136255237	136255603	86.6775956284153
chr3	136256485	136256693	73.65612980769231
chr3	136283767	136284017	75.12190000000001
chr3	136326256	136326455	86.48680904522612
chr3	136326733	136327325	67.84712837837837
chr3	136329835	136330240	71.54246913580246
chr3	136333332	136337966	65.76650302114804
chr3	183015148	183015636	71.12930327868852
chr3	183022347	183022787	72.96886363636364
chr3	183033921	183034147	75.63119469026549
chr3	183038956	183039205	76.21536144578313
chr3	183052089	183052310	77.6656108597285
chr4	999640	1000134	80.66153846153847
chr4	1000812	1001249	80.14239130434783
chr4	1001398	1002555	56.302506482281764
chr4	17460191	17460905	64.02934173669468
chr4	17486328	17487306	58.83831799591002
chr4	17501649	17501929	72.75080357142858
chr4	17509201	17509433	71.27963362068965
chr4	145600326	145600923	67.88915410385259
chr4	145655077	145660105	64.20032816229117
chr4	158679220	158680171	80.02773396424816
chr4	158680397	158680677	81.30526785714287
chr4	158681501	158681684	79.63374316939891
chr4	158681872	158682494	63.38476688102894
chr4	158698917	158699200	68.47959363957597
chr4	158706119	158706441	69.92018633540373
chr4	174490107	174492164	39.26741614000972
chr4	174493081	174493531	65.95933333333333
chr4	174506673	174508253	45.72905063291139
chr5	35856225	35856757	64.46198308270677
chr5	36192522	36195352	49.76575971731449
chr5	68215650	68216019	78.58814363143631
chr5	68217396	68217868	66.69766949152543
chr5	68226220	68227079	59.17706635622817
chr5	68273320	68273751	78.92952436194896
chr5	68273869	68274083	70.6268691588785
chr5	68280237	68280799	65.9113434163701
chr5	68290730	68292431	72.68575837742505
chr5	68293233	68293553	79.586796875
chr5	68294466	68294748	79.96693262411347
chr5	68295350	68295813	64.26630669546437
chr5	68297342	68301891	61.18367773136953
chr5	70049542	70049836	25.105272108843536
chr5	70063341	70063556	0.0
chr5	70065895	70066154	0.0
chr5	70066864	70067204	0.0
chr5	70067209	70067516	0.0
chr5	70068956	70069400	21.013344594594592
chr5	70070571	70070919	21.13153735632184
chr5	70071101	70071460	57.032172701949854
chr5	70076451	70077666	71.58263374485597
chr5	70077692	70078592	36.252361111111114
chr5	70924960	70925254	26.346343537414963
chr5	70938769	70938980	0.0
chr5	70946637	70946885	62.45161290322581
chr5	70953112	70954012	36.56466666666667
chr5	71587218	71587624	68.64790640394088
chr5	71592801	71593062	68.95201149425287
chr5	71596200	71596434	66.97126068376068
chr5	71599589	71599830	68.03869294605809
chr5	71602436	71603135	79.43605150214593
chr5	71604286	71604538	71.39017857142856
chr5	71635081	71636781	42.165176470588236
chr5	71640933	71641438	63.46054455445544
chr5	71656673	71658774	39.80223702998572
chr5	126549434	126550363	58.5940796555436
chr5	126554217	126555502	75.75299610894942
chr5	126555861	126556085	71.56640625
chr5	126567740	126571207	54.78076146524372
chr5	126581119	126582219	79.93422727272727
chr5	126582709	126583044	68.93253731343285
chr5	132369682	132370435	61.84501992031873
chr5	132376016	132378305	43.28851026649192
chr5	132378308	132384371	65.7962477321458
chr5	132388890	132390974	38.69946017274472
chr5	132394115	132395684	44.9045729764181
chr5	169669218	169669398	77.37680555555555
chr5	169670472	169670667	77.64205128205128
chr5	169671008	169671244	69.76959745762711
chr5	169703879	169704145	67.68364661654135
chr5	169708099	169708337	71.00420168067227
chr5	169711865	169712077	67.11863207547171
chr5	169802988	169803276	67.53741319444444
chr5	169841331	169841605	69.29124087591241
chr5	170041943	170042202	67.25086872586873
chr5	170050186	170050467	68.31023131672598
chr6	32005566	32006582	74.97748523622047
chr6	32006740	32007169	75.19417249417249
chr6	32007199	32007540	75.0567448680352
chr6	32007863	32008521	53.95623100303951
chr6	32038195	32040275	65.48516826923077
chr6	32040336	32041740	46.4866452991453
chr6	49441770	49442041	63.14049815498155
chr6	49444569	49444824	66.57117647058824
chr6	49451396	49451784	63.75206185567011
chr6	49459012	49459575	62.826731793960924
chr6	69708780	69709301	60.21525911708253
chr6	69793667	69796678	48.50121222185321
chr6	69798045	69798359	63.2171974522293
chr6	69824419	69824622	65.88706896551724
chr6	80127199	80127448	67.36927710843374
chr6	80167608	80167881	74.8467032967033
chr6	80168805	80169100	75.26228813559322
chr6	80169741	80169943	67.4384900990099
chr6	80200864	80201101	67.23270042194093
chr6	83164803	83169393	70.13098583877995
chr6	83170231	83170548	64.17263406940063
chr6	83179740	83180037	75.07138047138048
chr6	83181666	83182001	74.30820895522388
chr6	83182775	83183048	62.866758241758234
chr6	109462524	109466644	55.8189927184466
chr6	109481005	109482124	51.59300714924039
chr6	131581149	131581448	65.23628762541806
chr7	44379051	44386191	69.94554971988796
chr7	44402572	44402993	68.19358669833728
chr7	44489753	44490335	67.59201030927835
chr7	50318336	50318637	80.52342192691029
chr7	50318978	50319171	74.38497409326425
chr7	50367936	50369514	46.10285171102662
chr7	56010981	56011939	60.64859081419625
chr7	56017164	56017449	69.3398245614035
chr7	56021003	56021301	69.36006711409397
chr7	56033064	56033564	66.76735
chr7	66075771	66076163	68.74802295918367
chr7	66082810	66083413	64.92624378109453
chr7	66086515	66087230	63.61363636363636
chr7	66089542	66089765	72.82713004484305
chr7	66092698	66093628	61.09196236559139
chr7	66993147	66993487	79.23426470588235
chr7	66994142	66994436	83.24345238095239
chr7	66995220	66995671	70.47261640798226
chr7	75907506	75907701	73.07641025641026
chr7	75945252	75945462	72.63726190476191
chr7	75970917	75971162	81.58224489795919
chr7	75972343	75972834	67.43716904276985
chr7	75981841	75982392	81.7165607985481
chr7	75983246	75983926	67.63797794117647
chr7	96121585	96122068	68.05905797101448
chr7	96184207	96184644	79.8337528604119
chr7	96184857	96185084	73.73821585903083
chr7	99374179	99374648	70.55501066098081
chr7	99383981	99384241	83.94365384615385
chr7	99385630	99385848	71.77408256880734
chr7	99387969	99388331	83.96063535911603
chr7	99389024	99390053	59.25359572400389
chr7	99393959	99394886	60.78783710895361
chr7	107915436	107915766	80.14780303030304
chr7	107916724	107917034	83.4141129032258
chr7	107917203	107917532	82.20866261398177
chr7	107917854	107918131	82.7086642599278
chr7	107918940	107921273	54.57359622803258
chr7	117475621	117475878	71.92626459143969
chr7	117535178	117535481	70.64645214521451
chr7	117548571	117548893	70.3263198757764
chr7	117564599	117564857	71.09127906976744
chr7	117587669	117587903	71.19188034188035
chr7	117590283	117590509	70.54092920353983
chr7	117606604	117606823	70.69406392694063
chr7	117610449	117610739	70.30353448275862
chr7	117666838	117668735	41.08650500790722
chr7	117709947	117710771	62.54696601941747
chr8	28678016	28678263	68.8736842105263
chr8	28715515	28718277	47.39317523533671
chr8	28739831	28743284	53.80815233130611
chr8	28750587	28755669	61.66113734750098
chr8	42271393	42272499	54.12036618444846
chr8	42288564	42288798	70.26452991452992
chr8	42293373	42293638	68.47594339622641
chr8	42308831	42309095	77.18172348484849
chr8	42309392	42309835	65.1247178329571
chr8	42313955	42314499	62.03382352941177
chr8	42316140	42316409	65.51013011152416
chr8	42319086	42319491	65.14345679012345
chr8	42321984	42322564	64.83349137931035
chr8	42325540	42326167	62.88273524720893
chr8	42329054	42332723	55.76434995911693
chr8	47773038	47774447	46.778992193044715
chr8	47776774	47777053	75.84740143369176
chr8	47778389	47778869	62.919375
chr8	47782308	47783077	79.62317945383616
chr8	47783672	47784209	65.33417132216015
chr8	47788836	47789119	68.76148409893993
chr8	47800723	47801056	65.63843843843844
chr8	47807067	47807396	65.7879179331307
chr8	47852603	47852854	77.96673306772908
chr8	47854013	47854284	78.03182656826569
chr8	47855152	47855443	76.75756013745703
chr8	47857086	47857369	77.83065371024735
chr8	47858446	47858705	76.68938223938224
chr8	47858779	47859056	76.03465703971119
chr8	47859541	47859829	67.70703125
chr8	47877654	47877921	66.49812734082397
chr8	47885874	47886217	64.82018950437318
chr8	47898400	47898639	67.50418410041841
chr8	47930602	47930857	67.03862745098039
chr8	47932950	47933242	78.21138698630138
chr8	47933895	47934160	80.16971698113208
chr8	47934939	47935128	79.89814814814815
chr8	47935662	47935970	78.32410714285714
chr8	47936283	47936587	66.45411184210526
chr8	47943139	47943436	74.853367003367
chr8	47943783	47944099	67.90276898734177
chr8	47957101	47957333	77.27683189655173
chr8	47959045	47959379	77.41137724550899
chr8	47959903	47960253	66.86764285714285
chr8	60794916	60795197	67.75871886120997
chr8	60800318	60800596	69.08615107913668
chr8	60808147	60808342	70.73961538461539
chr8	60816317	60816571	68.67598425196852
chr8	60841574	60842122	64.70488138686132
chr8	60850423	60850692	64.26477695167287
chr8	60860834	60868098	65.91919052863436
chr8	89933266	89935682	45.4106167218543
chr8	89943183	89943436	70.60454545454544
chr8	89946070	89946695	63.6438
chr8	144359553	144360783	49.53414634146341
chr8	144515694	144516834	52.268070175438595
chr9	220678	220933	86.84049019607843
chr9	340089	340690	76.94837770382695
chr9	367948	370370	55.36734104046243
chr9	380209	381457	63.78914262820513
chr9	34648928	34650352	59.546400983146064
chr9	78317606	78317874	84.99365671641792
chr9	128907087	128909391	53.58611111111111
chr9	128916026	128918109	48.289726356216995
chr9	130458331	130458659	86.02614329268292
chr9	130464041	130464237	85.69119897959183
chr9	130466404	130466869	80.68354838709678
chr9	130480315	130480519	86.20612745098039
chrX	31097607	31098253	76.56130030959753
chrX	31172278	31172483	87.55048780487805
chrX	31209428	31209769	84.28262463343108
chrX	31435482	31435724	87.05785123966942
chrX	31508138	31508551	82.66943099273608
chrX	31875118	31875443	85.56684615384616
chrX	31929526	31929815	84.65
chrX	32151320	32151496	86.77485795454545
chrX	32573460	32573916	84.56617324561404
chrX	32644062	32644383	83.87733644859813
chrX	32697800	32698068	87.82285447761194
chrX	32823225	32823457	87.76530172413793
chrX	32960138	32960417	86.92240143369176
chrX	33085831	33085997	88.32756024096385
chrX	33211212	33211624	84.61589805825243
chrX	38381272	38381499	88.7135462555066
chrX	38401205	38401498	84.92977815699659
chrX	38403548	38403810	87.70152671755724
chrX	48683709	48684055	80.93294797687861
chrX	71110086	71110758	79.34174107142857
chrX	101352973	101353421	81.814453125
chrX	101355515	101356338	75.71111786148239
chrX	101358240	101358507	100.23642322097378
chrX	101358547	101358766	99.4736301369863
chrX	101359223	101359417	89.88569587628866
chrX	153724798	153726236	61.239760083449234
chrX	153729162	153729967	75.91959627329193
chrX	153740504	153740789	84.75719298245613
chrX	153742917	153743141	97.67734375
chrX	153743151	153743416	86.39358490566038
chrX	154770689	154770949	86.86307692307693
chrX	154776729	154777759	70.97946601941747
