chr1	9675191	9675198	1202	7	70
chr1	9675314	9675347	776	33	70
chr1	33051118	33051148	1031	30	70
chr1	33051222	33051864	71188	642	70
chr1	33052092	33052364	20916	272	70
chr1	33052619	33052672	2009	53	70
chr1	33052761	33052781	768	20	70
chr1	33053065	33053435	35645	370	70
chr1	75782101	75782119	936	18	70
chr1	75782218	75782252	636	34	70
chr1	75782959	75782973	770	14	70
chr1	89541491	89541671	10148	180	70
chr1	89560563	89560885	21609	322	70
chr1	89560939	89561834	101245	895	70
chr1	89704842	89705173	25842	331	70
chr1	89705239	89705260	752	21	70
chr1	89747094	89747973	88214	879	70
chr1	89748051	89748099	1508	48	70
chr1	89748203	89749887	187217	1684	70
chr1	89749962	89751920	232979	1958	70
chr1	89752008	89752033	918	25	70
chr1	89752126	89752614	50412	488	70
chr1	100210327	100210346	173	19	70
chr1	167435134	167435177	1476	43	70
chr10	14940525	14940560	798	35	70
chr10	14941707	14941771	2278	64	70
chr10	14941839	14941892	1395	53	70
chr10	74217666	74217698	653	32	70
chr10	74217765	74217975	13216	210	70
chr10	74219032	74219081	1290	49	70
chr10	74219143	74219185	1452	42	70
chr10	74219245	74219311	2210	66	70
chr10	74219362	74219421	1639	59	70
chr10	74219488	74219508	493	20	70
chr10	74219612	74219846	15287	234	70
chr10	74219914	74220003	2459	89	70
chr10	74220088	74220106	728	18	70
chr10	74220339	74220562	14132	223	70
chr10	74220943	74221416	46100	473	70
chr10	74221502	74221529	548	27	70
chr10	74221598	74221877	22934	279	70
chr10	74222196	74222526	28648	330	70
chr10	74222626	74222651	898	25	70
chr10	74356059	74356262	12624	203	70
chr10	74569323	74569368	985	45	70
chr10	74569884	74570163	20594	279	70
chr10	74570518	74570555	674	37	70
chr10	74570641	74570686	1395	45	70
chr10	74570783	74570804	657	21	70
chr10	74571143	74571427	21898	284	70
chr10	74571696	74571711	774	15	70
chr10	74572017	74572187	7538	170	70
chr10	74572259	74572288	953	29	70
chr10	74573076	74573140	1937	64	70
chr10	74573227	74573237	184	10	70
chr10	96194832	96195006	9355	174	70
chr11	3897704	3897743	956	39	70
chr11	3898154	3898319	7063	165	70
chr11	3898381	3898430	1295	49	70
chr11	3898490	3898961	45403	471	70
chr11	3899153	3899202	2080	49	70
chr11	3899272	3899351	2436	79	70
chr11	3899402	3899981	49090	579	70
chr11	4001013	4001046	746	33	70
chr11	4001127	4001186	2112	59	70
chr11	4001248	4001312	1956	64	70
chr11	4001703	4002269	58139	566	70
chr11	4002490	4002770	20315	280	70
chr11	4002843	4002875	1020	32	70
chr11	4003013	4003609	64560	596	70
chr11	4003800	4003830	892	30	70
chr11	4004210	4004230	794	20	70
chr11	4004301	4004819	55020	518	70
chr11	4018225	4018407	10090	182	70
chr11	4033009	4033241	15868	232	70
chr11	36518730	36518763	916	33	70
chr11	36551764	36557494	723887	5730	70
chr11	108261483	108261528	1709	45	70
chr11	108261601	108261669	2038	68	70
chr11	108261730	108261782	1390	52	70
chr11	108262528	108262989	46991	461	70
chr11	108263139	108263969	90011	830	70
chr11	108264025	108264112	2768	87	70
chr11	108264497	108265193	76425	696	70
chr11	108265247	108265302	1770	55	70
chr11	108265375	108265448	1990	73	70
chr11	108265514	108265980	46281	466	70
chr11	108266066	108266105	1308	39	70
chr11	108357503	108357528	651	25	70
chr11	108357795	108357864	2534	69	70
chr11	108357927	108357994	2231	67	70
chr11	108358067	108358102	591	35	70
chr11	108358166	108358559	31477	393	70
chr11	108358617	108358680	1819	63	70
chr11	108358998	108359368	31309	370	70
chr11	108359428	108359476	1391	48	70
chr11	108359939	108360569	59169	630	70
chr11	108360660	108361421	79722	761	70
chr11	108361490	108361557	2125	67	70
chr11	108361847	108362416	58091	569	70
chr11	108362479	108362767	25038	288	70
chr12	102859432	102859464	1138	32	70
chr12	102859583	102859592	265	9	70
chr12	102899636	102899827	10785	191	70
chr12	120731697	120731896	12255	199	70
chr13	100264022	100264091	1290	69	70
chr13	100283776	100283821	1350	45	70
chr13	100319022	100319051	1696	29	70
chr13	100319137	100319537	27983	400	70
chr13	100320281	100320319	1512	38	70
chr13	100320411	100320476	1912	65	70
chr13	100320554	100320606	1412	52	70
chr15	76230277	76230439	7761	162	70
chr15	76257497	76257825	24858	328	70
chr15	82170245	82170297	1856	52	70
chr15	82193503	82193532	1126	29	70
chr15	82193609	82193899	21680	290	70
chr15	82201738	82202008	23296	270	70
chr15	82214678	82214684	1062	6	70
chr15	82220519	82220535	713	16	70
chr15	82220645	82220672	656	27	70
chr15	82234578	82234636	1832	58	70
chr15	82242292	82243781	188838	1489	70
chr15	82250093	82250593	53360	500	70
chr16	30188651	30189075	49296	424	70
chr17	42218722	42218732	1016	10	70
chr17	42218823	42218886	1918	63	70
chr17	42219301	42219765	48614	464	70
chr17	42221019	42221069	1386	50	70
chr17	42264352	42264392	1161	40	70
chr17	42264495	42264519	775	24	70
chr17	42264658	42265185	57094	527	70
chr19	51353495	51353560	2043	65	70
chr2	210507485	210507755	18630	270	70
chr2	210507833	210507857	470	24	70
chr2	210508161	210508219	1810	58	70
chr2	210508283	210508477	11544	194	70
chr2	210508532	210508538	278	6	70
chr2	210509164	210509191	660	27	70
chr2	210509292	210509320	526	28	70
chr2	210509394	210509433	1028	39	70
chr2	210510280	210510310	1165	30	70
chr2	210510783	210510821	817	38	70
chr2	210639384	210639584	12274	200	70
chr2	210665804	210665887	2788	83	70
chr2	210665941	210666023	2515	82	70
chr2	210666074	210666503	39480	429	70
chr2	216458846	216458906	1930	60	70
chr2	216458965	216459023	1668	58	70
chr2	216459564	216459885	28012	321	70
chr2	216460637	216460668	1559	31	70
chr21	43053191	43055733	325494	2542	70
chr21	43055798	43056614	92098	816	70
chr21	43056680	43057288	65112	608	70
chr21	43057362	43057400	670	38	70
chr21	43057473	43059973	320610	2500	70
chr21	43060035	43061748	215584	1713	70
chr21	43061813	43063630	227552	1817	70
chr21	43063694	43065208	185274	1514	70
chr21	43065271	43066102	96374	831	70
chr21	43066271	43066797	57806	526	70
chr21	43067042	43067309	18850	267	70
chr21	43067376	43067747	31591	371	70
chr21	43067826	43067878	1445	52	70
chr21	43067957	43068250	21644	293	70
chr21	43068317	43068607	24056	290	70
chr21	43068768	43070072	157262	1304	70
chr21	43070136	43075920	759446	5784	70
chr21	43075983	43076798	93010	815	70
chr21	43076863	43076937	2028	74	70
chr4	17469874	17469878	577	4	70
chr5	36234156	36234335	9836	179	70
chr5	70049612	70052171	333630	2559	70
chr5	70052223	70060226	1055776	8003	70
chr5	70060291	70068348	1087002	8057	70
chr5	70068400	70068746	29284	346	70
chr5	70068811	70071150	288054	2339	70
chr5	70071214	70072857	197012	1643	70
chr5	70072922	70074592	211321	1670	70
chr5	70074667	70074722	1706	55	70
chr5	70074814	70074861	1157	47	70
chr5	70074973	70075011	1184	38	70
chr5	70075101	70075484	36213	383	70
chr5	70075737	70075762	1548	25	70
chr5	70075851	70075907	1558	56	70
chr5	70076104	70076416	27040	312	70
chr5	70076707	70076756	1168	49	70
chr5	70076826	70077222	36426	396	70
chr5	70077286	70077775	49306	489	70
chr5	70077899	70078521	74554	622	70
chr5	70925030	70935648	1401744	10618	70
chr5	70935715	70944169	1126098	8454	70
chr5	70944236	70946576	291505	2340	70
chr5	70946639	70947121	46174	482	70
chr5	70947181	70948283	133554	1102	70
chr5	70948348	70950016	209574	1668	70
chr5	70950091	70950144	1516	53	70
chr5	70950240	70950284	1086	44	70
chr5	70950397	70950436	1196	39	70
chr5	70950525	70950910	36147	385	70
chr5	70951153	70951211	2376	58	70
chr5	70951278	70951327	1388	49	70
chr5	70951525	70951839	26566	314	70
chr5	70952125	70952175	1344	50	70
chr5	70952245	70952641	35602	396	70
chr5	70952704	70953195	49764	491	70
chr5	70953317	70953941	73840	624	70
chr5	71604761	71605082	27956	321	70
chr5	71605140	71605190	1284	50	70
chr5	71605269	71605299	666	30	70
chr5	71605381	71605684	22986	303	70
chr5	71606118	71606342	15442	224	70
chr5	71606410	71607275	85134	865	70
chr5	71607343	71607711	31590	368	70
chr5	71607876	71608578	78783	702	70
chr5	71608978	71609328	27028	350	70
chr5	71609386	71609460	2182	74	70
chr5	71609526	71609573	1138	47	70
chr5	71609647	71609686	1635	39	70
chr5	71609751	71609912	5924	161	70
chr5	169665002	169665320	28135	318	70
chr5	169821385	169821386	1040	1	70
chr5	169821491	169821520	659	29	70
chr5	169823930	169823977	1170	47	70
chr5	169824047	169824114	2165	67	70
chr5	169824194	169824232	999	38	70
chr5	169825023	169825057	970	34	70
chr5	169825125	169825173	1396	48	70
chr5	169834316	169834549	15098	233	70
chr5	169997265	169997609	26833	344	70
chr5	170004545	170004850	25799	305	70
chr5	170004920	170004943	458	23	70
chr6	32038560	32038775	13580	215	70
chr6	32039210	32039225	1317	15	70
chr6	32039316	32039384	1994	68	70
chr6	32039482	32039495	450	13	70
chr6	32039584	32039632	1411	48	70
chr6	32039730	32039744	326	14	70
chr6	32040453	32040504	1214	51	70
chr6	32040573	32040635	1979	62	70
chr6	32040697	32040766	2000	69	70
chr6	32040827	32041085	16644	258	70
chr6	32041161	32041430	21818	269	70
chr6	69745327	69745497	7916	170	70
chr6	69749903	69749955	2305	52	70
chr6	69750018	69750075	1671	57	70
chr6	80138798	80138877	2351	79	70
chr6	80138939	80138974	719	35	70
chr6	80139273	80139365	2982	92	70
chr6	80139428	80139766	23271	338	70
chr6	80139848	80139891	875	43	70
chr6	80140532	80140567	1095	35	70
chr6	80140631	80140678	1696	47	70
chr6	80140736	80140789	1486	53	70
chr6	80140862	80140916	1472	54	70
chr6	80148999	80149039	1351	40	70
chr6	80149144	80149177	700	33	70
chr6	80149561	80149766	13575	205	70
chr6	80230091	80230270	9221	179	70
chr6	80239797	80239849	1335	52	70
chr7	44426667	44426684	781	17	70
chr7	44455836	44455869	1747	33	70
chr7	44455965	44455983	685	18	70
chr7	66989792	66989852	1816	60	70
chr7	96140008	96140194	10900	186	70
chr7	96274545	96274567	1512	22	70
chr7	96274663	96274704	1138	41	70
chr7	96275382	96275415	1051	33	70
chr7	117525296	117525990	74296	694	70
chr7	117526053	117526124	1921	71	70
chr7	117526185	117529464	405529	3279	70
chr7	117556574	117556759	10380	185	70
chr7	117610053	117610335	21840	282	70
chr8	42327870	42328055	10405	185	70
chr8	47800152	47800169	1354	17	70
chr8	47800239	47800340	3754	101	70
chr8	47800403	47800448	1270	45	70
chr8	47834749	47834793	1945	44	70
chr8	47834871	47834907	1123	36	70
chr8	47955242	47955431	10511	189	70
chr8	60760308	60760788	49734	480	70
chr8	60761116	60761354	16648	238	70
chr9	230486	230513	1574	27	70
chr9	230586	230678	2956	92	70
chr9	230853	230890	1463	37	70
chr9	230952	231171	11922	219	70
chr9	231260	231287	916	27	70
chr9	231396	231412	703	16	70
chr9	231507	231563	1673	56	70
chr9	232238	232280	1300	42	70
chr9	233024	233272	16413	248	70
chr9	233340	233395	1442	55	70
chr9	233472	233525	1681	53	70
chr9	233585	233863	17360	278	70
chr9	320302	322414	266944	2112	70
chr9	380100	380481	34203	381	70
chr9	380542	380823	22939	281	70
chrX	31184410	31184876	46797	466	70
chrX	31184957	31184973	503	16	70
chrX	31227724	31227787	1802	63	70
chrX	31227848	31228099	15753	251	70
chrX	31372724	31372726	1041	2	70
chrX	31372824	31372897	1954	73	70
chrX	31372976	31373014	971	38	70
chrX	31373076	31373387	20752	311	70
chrX	31373480	31373511	879	31	70
chrX	31373828	31373867	1328	39	70
chrX	31373937	31374338	32656	401	70
chrX	31374610	31374674	1998	64	70
chrX	31511721	31512620	95848	899	70
chrX	31512866	31512883	1030	17	70
chrX	31512968	31513354	35919	386	70
chrX	31530718	31531663	105750	945	70
chrX	31531783	31532171	32701	388	70
chrX	31532248	31535577	420966	3329	70
chrX	31559424	31559462	1790	38	70
chrX	31559553	31559580	734	27	70
chrX	31688746	31688758	270	12	70
chrX	31689458	31689485	1149	27	70
chrX	31689575	31689631	1428	56	70
chrX	31689735	31689740	488	5	70
chrX	31690302	31690362	1656	60	70
chrX	31690426	31690481	1392	55	70
chrX	31715323	31715503	9519	180	70
chrX	31749299	31749342	1399	43	70
chrX	31749410	31749562	4534	152	70
chrX	31749625	31749962	29823	337	70
chrX	31750124	31750132	1081	8	70
chrX	31750185	31750422	18647	237	70
chrX	31750619	31751132	36347	513	70
chrX	31897398	31897875	46796	477	70
chrX	31898104	31898117	1198	13	70
chrX	31898203	31898528	21806	325	70
chrX	32244357	32244660	26010	303	70
chrX	32244831	32245188	26707	357	70
chrX	32245282	32246695	158022	1413	70
chrX	32400081	32400127	1368	46	70
chrX	32400615	32400907	20246	292	70
chrX	32405902	32405962	1828	60	70
chrX	32406021	32406070	1474	49	70
chrX	32407455	32407522	2201	67	70
chrX	32407629	32407632	108	3	70
chrX	32486604	32486925	25706	321	70
chrX	32654200	32654234	584	34	70
chrX	32732231	32732297	2155	66	70
chrX	32732357	32732404	1593	47	70
chrX	32732727	32732768	966	41	70
chrX	32733134	32733180	1178	46	70
chrX	32733271	32733321	1529	50	70
chrX	32733715	32734156	36795	441	70
chrX	32734213	32734288	2190	75	70
chrX	32734345	32734851	34373	506	70
chrX	32735171	32735198	1453	27	70
chrX	32735269	32735319	1303	50	70
chrX	33118178	33118221	2005	43	70
chrX	33118300	33118352	1337	52	70
chrX	33190536	33190673	5254	137	70
chrX	33304294	33304348	1886	54	70
chrX	33304407	33305253	82365	846	70
chrX	154768767	154768956	10024	189	70
chrX	154773406	154773447	1907	41	70
chrX	154773508	154773617	3621	109	70
